%YAML:1.0
---
type: IMU
name: imu
Gyr:
   unit: " rad/s"
   avg-axis:
      gyr_n: 2.5853068232056960e-02
      gyr_w: 1.6391307412717930e-03
   x-axis:
      gyr_n: 9.9762054878412432e-03
      gyr_w: 1.5155176645294676e-05
   y-axis:
      gyr_n: 5.6864934206213920e-02
      gyr_w: 4.8477797168896648e-03
   z-axis:
      gyr_n: 1.0718065002115706e-02
      gyr_w: 5.4457330280419392e-05
Acc:
   unit: " m/s^2"
   avg-axis:
      acc_n: 3.1514220623477064e-02
      acc_w: 1.4652401634365744e-03
   x-axis:
      acc_n: 7.2769008752239600e-02
      acc_w: 3.9763580043866683e-03
   y-axis:
      acc_n: 1.0166780812829401e-02
      acc_w: 2.8794407083459006e-05
   z-axis:
      acc_n: 1.1606872305362191e-02
      acc_w: 3.9056807883959527e-04
