%YAML:1.0
---
type: IMU
name: imu
Gyr:
   unit: " rad/s"
   avg-axis:
      gyr_n: 2.5186833377306705e-02
      gyr_w: 1.6493889830084723e-03
   x-axis:
      gyr_n: 1.0141848299512663e-02
      gyr_w: 3.4930365210651840e-05
   y-axis:
      gyr_n: 5.5193096309622512e-02
      gyr_w: 4.8477797168896648e-03
   z-axis:
      gyr_n: 1.0225555522784941e-02
      gyr_w: 6.5456866925100871e-05
Acc:
   unit: " m/s^2"
   avg-axis:
      acc_n: 2.9940619194378560e-02
      acc_w: 1.6183192045886748e-03
   x-axis:
      acc_n: 6.9456985378786279e-02
      acc_w: 4.2706845617571446e-03
   y-axis:
      acc_n: 1.0013046246083034e-02
      acc_w: 4.1921412104211698e-05
   z-axis:
      acc_n: 1.0351825958266361e-02
      acc_w: 5.4235163990466804e-04
